0 0 0 0 0 0 0 0 0 0 0 0 0 0 0 0 0 0 0 0 0 0 0 0 0 0 0 0
0 0 0 0 0 0 0 0 0 0 0 0 0 0 0 0 0 0 0 0 0 0 0 0 0 0 0 0
0 0 0 0 0 0 0 0 0 0 0 0 0 0 0 0 0 0 0 0 0 0 0 0 0 0 0 0
0 0 0 0 0 0 0 0 0 0 0 0 0 0 0 0 0 0 0 0 0 0 0 0 0 0 0 0
0 + - - - - u - - - - - + 0 0 + - - - - - u - - - - + 0
0 | 0 0 0 0 | 0 0 0 0 0 | 0 0 | 0 0 0 0 0 | 0 0 0 0 | 0
0 | 0 0 0 0 | 0 0 0 0 0 | 0 0 | 0 0 0 0 0 | 0 0 0 0 | 0
0 | 0 0 0 0 | 0 0 0 0 0 | 0 0 | 0 0 0 0 0 | 0 0 0 0 | 0
0 < - - - - + - - u - - d - - d - - u - - + - - - - > 0
0 | 0 0 0 0 | 0 0 | 0 0 0 0 0 0 0 0 | 0 0 | 0 0 0 0 | 0
0 | 0 0 0 0 | 0 0 | 0 0 0 0 0 0 0 0 | 0 0 | 0 0 0 0 | 0
0 + - - - - > 0 0 + - - + 0 0 + - - + 0 0 < - - - - + 0
0 0 0 0 0 0 | 0 0 0 0 0 | 0 0 | 0 0 0 0 0 | 0 0 0 0 0 0
0 0 0 0 0 0 | 0 0 0 0 0 | 0 0 | 0 0 0 0 0 | 0 0 0 0 0 0
0 0 0 0 0 0 | 0 0 + - - d - - d - - + 0 0 | 0 0 0 0 0 0
0 0 0 0 0 0 | 0 0 | 0 0 0 x x 0 0 0 | 0 0 | 0 0 0 0 0 0
0 0 0 0 0 0 | 0 0 | 0 0 x x x x 0 0 | 0 0 | 0 0 0 0 0 0
/ - - - - - + - - > 0 0 x x x x 0 0 < - - + - - - - - *
0 0 0 0 0 0 | 0 0 | 0 0 x x x x 0 0 | 0 0 | 0 0 0 0 0 0
0 0 0 0 0 0 | 0 0 | 0 0 0 0 0 0 0 0 | 0 0 | 0 0 0 0 0 0
0 0 0 0 0 0 | 0 0 < - - - - - - - - > 0 0 | 0 0 0 0 0 0
0 0 0 0 0 0 | 0 0 | 0 0 0 0 0 0 0 0 | 0 0 | 0 0 0 0 0 0
0 0 0 0 0 0 | 0 0 | 0 0 0 0 0 0 0 0 | 0 0 | 0 0 0 0 0 0
0 + - - - - + - - d - - + 0 0 + - - d - - + - - - - + 0
0 | 0 0 0 0 | 0 0 0 0 0 | 0 0 | 0 0 0 0 0 | 0 0 0 0 | 0
0 | 0 0 0 0 | 0 0 0 0 0 | 0 0 | 0 0 0 0 0 | 0 0 0 0 | 0
0 + - + 0 0 < - - u - - d - - d - - u - - > 0 0 + - + 0
0 0 0 | 0 0 | 0 0 | 0 0 0 0 0 0 0 0 | 0 0 | 0 0 | 0 0 0
0 0 0 | 0 0 | 0 0 | 0 0 0 0 0 0 0 0 | 0 0 | 0 0 | 0 0 0
0 + - d - - + 0 0 + - - + 0 0 + - - + 0 0 + - - d - + 0
0 | 0 0 0 0 0 0 0 0 0 0 | 0 0 | 0 0 0 0 0 0 0 0 0 0 | 0
0 | 0 0 0 0 0 0 0 0 0 0 | 0 0 | 0 0 0 0 0 0 0 0 0 0 | 0
0 + - - - - - - - - - - d - - d - - - - - - - - - - + 0
0 0 0 0 0 0 0 0 0 0 0 0 0 0 0 0 0 0 0 0 0 0 0 0 0 0 0 0
0 0 0 0 0 0 0 0 0 0 0 0 0 0 0 0 0 0 0 0 0 0 0 0 0 0 0 0
0 0 0 0 0 0 0 0 0 0 0 0 0 0 0 0 0 0 0 0 0 0 0 0 0 0 0 0